# # idx sigma
0.000000000000000000e+00 1.186550490928020146e-01
1.000000000000000000e+00 2.893511231454306762e-03
2.000000000000000000e+00 1.333081864087246396e-02
3.000000000000000000e+00 6.931527269541738256e+00
4.000000000000000000e+00 4.223072437239848084e-03
5.000000000000000000e+00 5.453196219708678766e-02
6.000000000000000000e+00 2.903656888536105055e-03
7.000000000000000000e+00 7.598992011269437019e-02
8.000000000000000000e+00 7.570083349338985190e-02
9.000000000000000000e+00 5.722151465369967362e-03
1.000000000000000000e+01 5.742215736347902090e-03
1.100000000000000000e+01 1.761021257876657078e-03
