# # A b_HI Tb sigma_NL sigma8tot n_s f aperp apar fs8 bs8 pk
8.030981744844282844e+01 1.957132511749877040e+02 9.797231603783052378e+02 -1.809941599821472125e-01 3.103666644381650030e+02 6.809958179133437284e+01 9.562290048937781251e+01 8.167334706560562552e+01 1.245746535382780138e+02 3.870387482371232295e+02 1.891020024756593898e+02 1.294228990707148341e+02
1.957132511749877040e+02 1.446491078967664798e+05 7.391120755958206719e+05 -3.755252941962747855e+02 2.341434384995714936e+05 8.595331773780979347e+03 7.519805359766921902e+04 1.175162523651357915e+05 1.750671987487893784e+04 2.860552840335015790e+05 1.487102194643303228e+05 9.763781385432131356e+04
9.797231603783052378e+02 7.391120755958206719e+05 3.953472616354193073e+06 -2.341410427387210348e+03 1.252421253787322436e+06 8.118400205771948094e+04 4.375375306139531895e+05 6.654247331579404417e+05 1.690332116317411192e+03 1.461653775756743504e+06 8.652657760213471483e+05 5.222596628293134272e+05
-1.809941599821472125e-01 -3.755252941962747855e+02 -2.341410427387210348e+03 3.398141549292689856e+00 -7.417358023345123001e+02 -2.063549133849569728e+02 -3.225907516858978283e+02 -4.956260456628590987e+02 3.922524268153633216e+02 -7.426315741244950459e+02 -6.379492444982654433e+02 -3.093038295734916119e+02
3.103666644381650030e+02 2.341434384995714936e+05 1.252421253787322436e+06 -7.417358023345123001e+02 3.967547392258657492e+05 2.571829363987488250e+04 1.386075877707413747e+05 2.108000129190974985e+05 5.354805948769979977e+02 4.630375449835239560e+05 2.741076904342542402e+05 1.654467262571860047e+05
6.809958179133437284e+01 8.595331773780979347e+03 8.118400205771948094e+04 -2.063549133849569728e+02 2.571829363987488250e+04 2.106051063072486431e+04 1.569983197985317202e+04 2.071678689241417305e+04 -3.484388959485782834e+04 1.699796222501322700e+04 3.104768471493312973e+04 1.072452844782782995e+04
9.562290048937781251e+01 7.519805359766921902e+04 4.375375306139531895e+05 -3.225907516858978283e+02 1.386075877707413747e+05 1.569983197985317202e+04 5.515696084892877116e+04 8.066930591461456788e+04 -1.735054647632139313e+04 1.487102194643303228e+05 1.090773412396396016e+05 5.779936410039913608e+04
8.167334706560562552e+01 1.175162523651357915e+05 6.654247331579404417e+05 -4.956260456628590987e+02 2.108000129190974985e+05 2.071678689241417305e+04 8.066930591461456788e+04 1.259595613790508360e+05 -2.778325775583305949e+04 2.323978726011419494e+05 1.595300624505706946e+05 8.790360538726366940e+04
1.245746535382780138e+02 1.750671987487893784e+04 1.690332116317411192e+03 3.922524268153633216e+02 5.354805948769979977e+02 -3.484388959485782834e+04 -1.735054647632139313e+04 -2.778325775583305949e+04 8.810142479456750152e+04 3.462095134300782229e+04 -3.431210584418359940e+04 2.232954080637074981e+02
3.870387482371232295e+02 2.860552840335015790e+05 1.461653775756743504e+06 -7.426315741244950459e+02 4.630375449835239560e+05 1.699796222501322700e+04 1.487102194643303228e+05 2.323978726011419494e+05 3.462095134300782229e+04 5.656974088072924642e+05 2.940864598896313109e+05 1.930866562581294856e+05
1.891020024756593898e+02 1.487102194643303228e+05 8.652657760213471483e+05 -6.379492444982654433e+02 2.741076904342542402e+05 3.104768471493312973e+04 1.090773412396396016e+05 1.595300624505706946e+05 -3.431210584418359940e+04 2.940864598896313109e+05 2.157092448312415218e+05 1.143029069110840355e+05
1.294228990707148341e+02 9.763781385432131356e+04 5.222596628293134272e+05 -3.093038295734916119e+02 1.654467262571860047e+05 1.072452844782782995e+04 5.779936410039913608e+04 8.790360538726366940e+04 2.232954080637074981e+02 1.930866562581294856e+05 1.143029069110840355e+05 6.899128484924655640e+04
